55.0 1207572 39672
15.7 1207572 39672
10.2 1208600 40728
8.8 1210488 37192
30.1 1218552 60424
43.3 1224100 82196
52.3 1227832 86384
58.8 1231864 90452
63.8 1233812 92020
67.8 1232232 91404
71.0 1236716 94156
73.6 1240820 99224
75.8 1244764 102992
77.7 1248860 106688
79.3 1262632 121292
81.2 1294848 153576
82.4 1313280 172056
83.4 1337876 196344
84.4 1355284 214560
85.2 1398336 257516
87.3 1500348 363620
88.3 1529732 393892
88.8 1549188 414216
88.7 1513604 378620
90.0 1574264 439680
90.9 1649700 515156
91.3 1689336 554224
91.6 1725204 589880
91.9 1796448 660464
92.2 2091804 892020
92.5 2243896 1058648
92.8 2253112 1068060
93.0 2254136 1069124
93.2 2255160 1070384
93.5 2257208 1072760
93.7 2259256 1074476
93.8 2262328 1077116
94.2 2136264 1012696
95.0 2141384 1018384
95.8 2146504 1024840
96.5 2152648 1031440
97.2 2235232 1037508
97.8 2241376 1043840
98.4 2246496 1049912
99.0 1820148 598216
99.7 1610268 394248
100 1610268 394872
100 1578524 380072
101 1578524 380336
101 1579868 378268
101 1579868 379288
102 1579868 380056
102 1581540 379784
103 1581232 378304
103 1581232 378868
103 1581232 379312
104 1582600 377584
104 1582600 378804
105 1561096 358016
105 1561096 358400
105 1562456 358440
106 1562456 359580
106 1562456 360144
106 1573668 368312
107 1573668 368312
107 1573668 368312
107 1571620 366136
107 1563132 355336
108 1563132 356600
108 1563132 356600
108 1563132 356600
108 1564500 354464
109 1567648 356344
109 1569100 355784
110 1574060 356284
110 1579812 359160
111 1580088 358416
111 1580088 359400
111 1580088 359400
111 1580088 360024
111 1580088 360528
111 1601008 374520
111 1582132 356148
111 1582132 357312
111 1582132 357312
111 1582132 357876
111 1582132 357876
111 1582132 361544
111 1583156 364272
111 1583156 364272
111 1583156 364532
111 1583156 364532
111 1583156 364532
111 1583156 364532
111 1583156 364532
111 1583156 364796
111 1583156 365120
111 1585072 362584
111 1585072 362848
111 1585072 362848
111 1585072 362848
110 1585072 362848
110 1585072 362848
110 1585072 362848
110 1585072 362848
110 1585072 363172
110 1585072 363172
110 1585072 363172
110 1585072 363636
110 1563568 325364
110 1563568 325364
110 1564592 325684
109 1564592 325684
108 1564592 325684
107 1564592 325684
106 1564592 325684
105 1564592 325684
104 1564592 325684
103 1564592 325684
103 1564592 325684
102 1564592 325684
101 1564592 325684
100 1564592 325684
99.7 1564592 325684
98.9 1564592 325684
98.2 1564592 325684
97.2 1564592 325684
96.5 1564592 325684
95.7 1564592 325684
95.0 1564592 325684
94.3 1564592 325684
93.6 1564592 325684
92.9 1564592 325684
92.2 1564592 325684
91.5 1564592 325684
90.8 1564592 325684
90.2 1564592 325684
89.5 1564592 325684
88.9 1564592 325684
88.2 1564592 325684
87.6 1564592 325684
87.0 1564592 325684
86.4 1564592 325684
85.8 1564592 325684
85.2 1564592 325684
84.6 1564592 325684
84.0 1564592 325684
83.5 1564592 325684
82.9 1564592 325684
82.4 1564592 325684
81.8 1564592 325684
81.2 1564592 325684
80.6 1564592 325684
80.1 1564592 325684
79.6 1564592 325684
79.1 1564592 325684
78.6 1564592 325684
78.1 1564592 325684
77.6 1564592 325684
