55.0 945064 40836
15.7 945064 40836
10.1 945064 41568
25.1 950436 49940
42.5 958388 80044
53.3 961460 83992
60.7 966024 87956
66.1 969096 91984
70.3 971144 93904
73.5 973192 95128
74.7 975012 97376
77.0 979948 102332
78.9 983020 105052
80.5 986092 108748
82.4 1028416 150992
83.6 1047872 170264
84.6 1072468 195344
85.6 1091924 214880
86.4 1136000 258808
87.1 1248416 370792
87.8 1264800 387580
88.5 1234444 358392
89.2 1209632 333076
89.7 1363592 486748
90.2 1424908 547816
90.6 1478688 602284
91.0 1586644 706440
91.3 1619540 742396
91.6 1662548 786220
92.0 1770564 893824
92.3 1773636 897368
92.5 1775684 898872
92.8 1776708 900452
93.0 1778756 902036
93.2 1779780 903868
93.5 1464936 589076
93.3 1465848 590520
93.5 1465848 590436
93.7 1284712 409524
93.9 1285736 409812
94.1 1256040 380328
94.3 1256040 380328
94.4 1256040 380440
94.6 1241704 366304
94.8 1241704 366304
94.9 1241704 366744
95.1 1244776 369580
95.2 1244776 369580
95.3 1250920 375388
95.5 1272424 397056
95.6 1285736 410780
95.7 1327720 451700
95.8 1348200 472028
95.7 1367656 491564
94.0 1367656 491564
92.3 1367656 491564
90.7 1367656 491564
89.1 1367656 491564
87.6 1367656 491564
86.1 1367656 491564
84.7 1367656 491564
83.3 1367656 491564
82.0 1367656 491564
80.5 1367656 491564
79.2 1367656 491564
78.0 1367656 491564
76.9 1367656 491564
75.7 1367656 491564
74.6 1367656 491564
73.6 1367656 491564
72.5 1367656 491564
71.5 1367656 491564
70.5 1367656 491564
