16.2 1210260 42568
9.5 1210260 42568
7.3 1210264 43360
17.8 1215212 48968
33.4 1222136 80852
43.9 1225792 84512
51.6 1229804 88684
57.4 1233900 92516
62.1 1235948 94996
65.8 1237996 96576
68.9 1241960 100044
71.5 1246056 104156
73.7 1245360 104080
75.5 1249456 107776
77.7 1287708 147052
79.1 1308720 167196
80.3 1332292 191484
81.4 1351748 210228
82.4 1370180 228800
84.1 1472768 333720
85.5 1532392 395868
86.2 1539560 403968
87.0 1518916 384236
88.4 1577052 441964
89.2 1653148 518584
89.6 1692732 557656
89.4 1732892 597972
89.8 1872712 722236
90.1 2104844 951680
90.5 2257916 1071316
90.8 2258940 1072128
91.1 2259964 1073232
91.4 2260988 1074484
91.6 2263036 1076860
91.9 2265084 1078516
92.1 2268156 1081420
92.5 2142092 1017392
93.2 2146188 1021948
93.8 2150284 1027004
94.4 2154380 1032252
95.0 2233772 1036528
95.6 2238892 1041004
96.1 2244012 1045908
96.6 1637976 413792
97.1 1511000 296256
97.6 1511924 295840
98.1 1510900 310596
98.5 1510900 311124
98.9 1510900 311200
99.3 1510900 311200
99.4 1513144 310396
99.7 1513144 310884
100 1513144 311144
100 1513144 311352
100 1513144 312556
101 1514372 313696
101 1514372 313696
101 1514372 313696
101 1514372 313696
102 1514372 313648
102 1514372 313696
102 1515592 312336
102 1515592 312336
103 1515592 312336
103 1515592 312336
103 1515592 312384
103 1515592 314888
103 1516816 312820
